1       0.00047
18      0.00050
33      0.00055
70      0.00069
90      0.00074
94      0.00079
104     0.00088
124     0.00089
139     0.00097
159     0.00100
165     0.00103
168     0.00107
179     0.00108
208     0.00109
217     0.00112
259     0.00113
272     0.00116
283     0.00117
294     0.00121
318     0.00126
321     0.00130
329     0.00132
340     0.00134
348     0.00138
360     0.00142
379     0.00148
388     0.00151
395     0.00160
402     0.00165
409     0.00169
423     0.00173
430     0.00175
437     0.00177
445     0.00184
458     0.00190
467     0.00194
479     0.00204
493     0.00207
504     0.00217
514     0.00224
532     0.00227
550     0.00229
572     0.00232
591     0.00238
600     0.00241
622     0.00246
636     0.00251
654     0.00256
682     0.00258
726     0.00261
745     0.00267
759     0.00270
776     0.00273
788     0.00275
808     0.00280
818     0.00285
831     0.00291
866    0.00306
881    0.00309
896    0.00313
922    0.00318
958    0.00321
973    0.00327
983    0.00328
1011   0.00330
1028   0.00332
1046   0.00335
1073   0.00337
1092   0.00343
1106   0.00349
1118   0.00352
1129   0.00360
1154   0.00369
1173   0.00373
1188   0.00376
1216   0.00382
1244   0.00383
1266   0.00385
1349   0.00387
1439   0.00389
1468   0.00393
1485   0.00399
1501   0.00406
1522   0.00409
1543   0.00412
1559   0.00417
1572   0.00420
1587   0.00423
1613   0.00432
1643   0.00436
1684   0.00438
1704   0.00440
1728   0.00442
1792   0.00444
1816   0.00447
1825   0.00467
